w=2*pi*100000;
Lr=61.17*10^(-6);

Cs1=1/(w*w*Lr);



